23,66
23,65
23,64
23,35
23,34
23,33
23,32
23,31
23,30
23,29
23,28
23,27
23,26
23,25
23,24
23,23
25,21
23,22
23,21
23,0
10,133
10,232
10,273
10,149
10,287
10,153
10,34
10,99
10,2
10,3
11,10
11,9
11,12
11,8
11,16
11,30
11,15
11,2
9,5
9,1
9,7
9,2
9,3
8,10
8,15
8,8
8,6
8,13
60,4
60,3
60,2
60,1
60,0
59,4
59,3
59,2
59,1
59,0
58,4
58,3
58,2
58,1
58,0
53,4
53,3
53,2
53,1
53,0
52,4
52,3
52,2
52,1
52,0
50,5
50,4
50,3
50,2
50,1
50,0
47,5
47,4
47,3
47,2
47,1
20,2
47,0
45,5
20,1
45,4
20,3
45,1
33,3
33,1
30,3
30,1
29,3
29,1
28,3
28,1
27,3
27,2
27,1
26,3
26,2
26,1
25,20
25,19
25,18
25,17
25,16
25,15
25,14
25,13
25,12
25,11
25,10
25,9
25,8
25,7
25,6
25,5
25,4
25,3
25,2
25,1
25,0
23,20
23,19
23,18
23,17
